1 2 0 2
1 3 0 1
2 0 0 2
2 1 0 2
2 2 0 1
2 5 0 1
2 6 0 2
2 8 0 1
3 0 0 1
5 1 0 2
5 5 0 5
6 0 0 5
6 1 0 1
7 0 0 1
7 6 0 1
7 8 0 1
8 0 0 1
8 5 0 1
8 6 0 1
8 8 0 1
11 0 0 1
11 1 0 3
11 2 0 1
11 5 0 1
11 6 0 1
13 0 0 1
13 8 0 1
14 0 0 1
14 1 0 9
14 3 0 1
14 4 0 3
14 6 0 2
14 8 0 4
16 0 0 3
16 1 0 1
16 2 0 2
16 4 0 1
16 5 0 2
17 0 0 2
17 2 0 3
17 3 0 1
17 4 0 2
17 5 0 1
17 7 0 1
19 0 0 1
19 8 0 2
20 0 0 3
20 2 0 1
20 5 0 2
21 0 0 1
21 2 0 1
21 4 0 1
21 6 0 3
21 8 0 1
23 0 0 1
23 8 0 1
24 1 0 1
24 2 0 1
24 3 0 2
25 0 0 7
25 1 0 3
27 0 0 2
27 1 0 1
27 2 0 1
27 5 0 1
27 8 0 1
28 4 0 1
32 0 0 2
32 2 0 3
32 3 0 1
32 4 0 2
32 5 0 4
32 7 0 1
34 0 0 1
34 1 0 1
34 7 0 1
35 0 0 3
35 1 0 1
35 3 0 1
35 4 0 2
35 6 0 6
35 7 0 1
35 8 0 2
36 0 0 1
37 1 0 2
37 2 0 2
37 4 0 8
37 6 0 1
37 8 0 5
41 0 0 1
41 2 0 1
41 5 0 1
43 0 0 2
43 2 0 1
43 3 0 1
43 4 0 1
43 5 0 1
46 1 0 2
46 4 0 1
47 1 0 1
47 3 0 1
47 4 0 2
47 5 0 1
47 6 0 2
48 0 0 1
48 1 0 14
48 6 0 2
48 7 0 1
48 8 0 10
49 0 0 1
49 6 0 1
49 7 0 1
51 0 0 2
51 1 0 4
51 2 0 1
51 3 0 1
51 5 0 1
52 8 0 1
54 0 0 2
56 0 0 1
57 0 0 1
57 2 0 1
57 5 0 1
57 8 0 1
58 0 0 7
58 1 0 3
58 2 0 3
58 5 0 3
59 0 0 5
59 4 0 1
59 6 0 1
60 0 0 1
61 0 0 1
62 0 0 2
62 1 0 1
62 2 0 1
62 3 0 1
63 0 0 4
63 1 0 7
63 4 0 13
63 6 0 36
63 8 0 11
64 0 0 3
64 1 0 1
64 6 0 1
64 8 0 1
65 0 0 2
65 1 0 1
65 4 0 1
65 6 0 4
65 8 0 3
66 1 0 3
66 8 0 1
67 0 0 4
67 1 0 1
68 0 0 1
68 1 0 1
68 8 0 1
71 0 0 1
71 1 0 1
71 3 0 1
71 4 0 1
71 5 0 3
71 6 0 1
74 0 0 4
74 1 0 2
74 2 0 3
74 3 0 2
74 4 0 1
74 5 0 4
74 8 0 1
75 0 0 4
75 1 0 3
78 0 0 6
78 1 0 1
78 2 0 3
78 3 0 3
78 4 0 3
78 5 0 3
78 7 0 3
78 8 0 1
79 0 0 2
79 1 0 1
79 2 0 1
79 5 0 1
79 8 0 1
82 0 0 1
82 2 0 1
82 5 0 1
84 0 0 1
85 1 0 1
85 4 0 1
85 6 0 1
85 7 0 1
85 8 0 2
86 0 0 1
86 1 0 1
86 7 0 1
87 0 0 2
87 6 0 1
87 7 0 1
87 8 0 1
89 0 0 2
89 2 0 1
89 3 0 1
89 5 0 2
91 0 0 1
91 1 0 4
91 2 0 1
91 4 0 1
91 5 0 1
92 0 0 2
92 2 0 1
92 3 0 3
92 4 0 2
92 5 0 1
92 7 0 1
93 0 0 2
93 2 0 1
93 3 0 1
93 5 0 5
94 0 0 2
94 1 0 1
94 3 0 1
94 4 0 1
94 7 0 1
95 0 0 2
95 1 0 1
95 3 0 1
97 0 0 3
97 7 0 1
98 1 0 2
98 4 0 4
98 6 0 6
98 8 0 1
99 0 0 3
